1269697605 2392504162
1241579762 1039157334
1183315139 415292957
69364961 3227059523
285486205 1236866145
547811441 921761898
870517978 3419758526
1204608352 2260802386
107895012 2994436346
224719030 3546834484
1818836048 3168198122
1692427570 4160717105
709683432 418861862
268648617 591549753
583023796 272425660
1877707896 300210112
1765950581 874600066
1153745931 162373204
1072030759 794769847
1317480674 2430227285
1617023211 341859169
82073681 4025149354
1822596241 309057814
510458009 3702786733
1766722872 1683588290
1199640725 1717336423
1359545484 3170646609
394801391 3904991293
469827654 2630065576
304261266 1234110150
1192162545 3122396465
696298848 3495573754
264913151 3382252709
279090333 2634502014
910790792 1783929010
1052912699 1072637103
1879505134 3646702808
1550523526 1091318735
543959185 3050161084
1774424300 4080950761
1250023762 2838523404
1106149534 2381648103
132174938 3584587594
910211413 571850842
178987039 3239120672
436277365 278237118
1095134467 212170015
1023483051 2671891410
461898872 3478130695
1267552278 724175330
442682397 3948598256
178871326 2241198601
237174964 1552084555
1342839892 2536564322
270925017 117778664
315069593 1307068021
1263068179 2279107952
155315486 3801572192
42294454 1736147891
1233352809 4064994391
751250521 2298055622
1670005090 4124186732
247643316 2347947746
562579512 2114057588
172491831 1910755479
1699009589 2379271244
721811778 525736505
245533004 204365783
105004142 2654402122
216144907 4242916270
213921813 3123905005
531110026 3285817567
1589786693 188739138
354467930 1639603589
245722232 2494698839
1462087908 2379309021
769718605 3547663919
224548864 3624244101
288175343 3478917187
920670214 2576297577
1384772920 4151068358
51227868 2266660837
556570890 4273339450
489326780 495183250
1703190886 545965245
902499656 848937520
310508679 1491409775
199596110 1591838381
625737830 2324308468
554556738 1408594737
785185921 3301819140
178432202 1947333328
424570089 3899971183
879643675 2970889789
84018232 3555740578
314782033 1826606428
1233283125 2374264817
1216816457 3389666916
1904918543 879181305
206433439 3480388902
1695465725 3865389532
226954563 651899533
407050251 1740497527
757211416 1903222374
1654801549 782802540
1902339313 2388155907
1482725578 564955825
1045040363 258297389
1923830849 251511159
1210241232 797323241
365638880 1217208205
489133199 3313392633
1256369492 3620737954
1707718742 101651299
306620773 139769580
1308758335 1100485655
422112536 2491908255
814492763 2294389363
954816764 3970403317
403389466 768325883
1881333814 200063873
318816335 4224795966
336293042 911615676
1495290916 1375299806
1868897394 861167880
274870429 2710727057
1619455002 2141385508
453455047 2612482762
954493193 1961385247
1009591592 2050555222
1479073966 698286831
398599303 605884278
387987719 1350976633
377612400 2204193117
778952962 2365252502
263110905 2069855305
329441437 1650449362
459987017 490012697
650563587 1587499745
1933703453 513693814
1177347083 2183581191
130478174 605897992
176361674 2249568554
1774896323 2236351972
166554922 169748688
468573532 2875082442
1898581201 1988970208
656888871 4105572070
1915457630 2015286810
241873167 665700347
451332394 2749978392
1717911653 3618108549
474065219 3638046622
720283752 1592169200
1692573840 2036629767
837203058 2578235614
1485203749 2566660811
300085585 2833812267
369377580 2796426894
96628950 2849807698
1893742763 2943102532
940477523 620540818
149073942 3990825829
1071859959 208861588
220388352 1896694903
820918498 559722100
419481870 2933520130
973081947 113528524
883192082 2340581178
197188867 3242563120
799189335 2635455698
1468413114 614534087
1623400630 1482767202
310720777 2705268599
478479598 2065012908
1795841352 3361922478
1848106112 2052530083
527004002 1477070285
1006965973 2507514739
1447303304 751784356
1138942240 3945575049
1432556780 3392861148
82468077 1424727105
1732603089 3869056046
1228973239 2749834658
1736862795 2157896219
1269159103 567328506
1216791797 2379126310
1005159716 3638510156
384449759 713624996
400940127 1220600457
1135499420 1873602760
216210443 2953263169
1173100597 107141582
157745216 345507969
1189304383 3239414401
755937577 220765246
1097173073 181958985
1027843416 1386861631
131001551 1295193739
808175657 769570628
1718550883 3224166889
65427764 3645221490
163824858 3434713829
105597276 2343923805
237806855 3264677263
404987100 239676121
891825301 1850130910
340538459 459609804
469784908 311994243
1283764368 343846591
1453411665 253464341
1589732651 1587785539
709827912 2896382069
736785721 3243403852
780413215 681419584
199353670 1070831605
1546269807 4101750100
1476405518 1336225204
703288664 1454267184
320958499 2809454383
813997077 398025491
1781220468 1897640794
239293440 4220746909
1234018508 214060033
1667945548 1162867265
1397611524 683136511
383837454 3890585921
216175627 1577389922
834693456 3027478186