394371228 825193027
858226812 2924058382
176361674 3609747332
982232323 1944187550
1057337635 2642556242
1030661241 3196023002
314782033 1128649694
1436566674 4128172910
426442810 2205594826
262471998 3013413185
1038445624 3833450481
1365583086 964092483
253871170 2787812695
398599303 3910432625
1042854923 2097078704
304261266 3743565703
1343066278 288407349
363117769 1431972437
862509171 2937684360
1289931913 455771453
245621989 2667881523
461912084 1824748854
696522787 1321655276
80505891 3114768692
474521699 2689878385
814269593 377352219
1294656836 1201213330
1505782880 3478169981
690886859 3748088359
826873866 1901957561
805457973 2196809052
224548864 1169647165
1736670262 4026359760
638251095 930753787
149073942 2482677960
648980675 2647837244
216175627 428302350
1051554107 4021293989
1403702272 1876900636
377612400 4044005583
1831457116 1848729477
1428727916 2355091380
1460528445 2535275080
944469195 1272570172
990788848 2139137685
1839814900 1051768871
158222407 2898169438
662983862 931207557
266832929 847564431
1758228741 829089004
69364961 3739085777
803453139 234878452
527375566 1084128700
1389175012 419551929
964724792 2218813483
549624128 4173873196
220676131 696422151
646446262 841031391
1166313820 2848740031
912964856 795853846
216989746 383526445
1847869729 3537069349
851804421 3028972923
371748969 888701537
1023691859 1731216348
1586053202 338591761
742620376 4110829091
866737363 3412772142
1563281521 3010453511
1673579546 1126476361
1019475261 2707535114
323723467 2393534361
1758305498 3973363426
1403549746 2847343181
290237792 2334783593
1432667305 1960783339
1051125963 240485865
197188867 190451140
944453655 3515641529
247475213 2661281551
1877289273 3799938620
1652948153 1172298684
1753672787 1657493703
1277255859 1989786569
1408117849 2715637744
51089470 2610665023
1185120312 3883298953
247643316 3278729110
1105743092 2970576057
1919026279 2482886581
774580424 148165739
1745154054 3868923269
528831807 2677639682
889790615 2492081737
1915466831 3908501690
1443708238 370084334
1240105115 355405725
680188083 3650559015
1693346857 1448924572
157425988 3661283077
114222142 4278826603
308949020 3936706569
274870429 3554141830
688388156 577681204
585483389 3057310334
1726035201 1758412210
743210332 1448752777
1524840595 3864304080
1499874359 368543850
268495138 3613619066
214509687 3363181394
943812736 2956976691
178432202 1636781426
760106152 1674553848
423653637 1928266651
294305914 1884782983
1522590740 765372347
1934096422 2544621932
1277417807 371197618
1242506588 3851852946
403525643 1116839072
296448228 2102088666
336137402 2191854805
778494060 2137571165
927093914 1495638808
1898105028 3069362708
1434942761 3303105741
1266811009 1217175359
1147807789 1914173600
1795702984 1444507330
327883038 3432715233
948265102 240090744
1886194920 3286108321
220388352 874897181
814597443 2070105504
147157239 3420100770
237174964 1126313238
268648617 1909866398
474112042 1311174568
1254498319 2936639471
713620550 2182094569
1122542849 4244135669
841921574 485393655
405315591 3444156166
1420749012 1189568652
694730087 3866207129
310508679 633065545
354467930 924668385
614828369 4043234219
1462559980 3198636695
298473760 4076446884
943769694 3722213710
1740819706 3067275320
203786548 335082774
1426817149 3304760716
1354903813 1110857162
172061998 1655922147
132174938 3685698316
227410081 186641882
627089488 485542948
902439979 1434064151
96628950 2449469459
239293440 936026872
992822300 4272969835
216210443 1012946993
383837454 316707405
1700851818 2433943694
84018232 4180389447
1816734018 3954978313
659012803 2435912572
428020874 1869366666
499284232 2869178032
323059753 3427998484
1858795582 2286402499
1164357776 3563730874
1342811290 1729485666
1897994293 3319655200
1008903481 795821932
407329052 2996288203
1208361180 1550046413
329441437 2063426101
1415755051 139246952
1043203105 250880513
644219066 1644004314
1883512926 3995784980
1497841951 2861016199
442905690 3256074853
1644934150 881633355
1575417919 4055667377
913084546 2127122548
959282400 1472660213
222923949 807026048
852012060 3135385997
1319496931 184061079
138677400 931789809
725908736 2260855193
1034541088 3131140743
1693274120 3212721584
212081866 1952102502
1573656829 1089628252
1536069701 2064419142
877431106 2110525880
1910927446 427028753
908280864 871716162
279090333 2585962928
300085585 1482452524
726470691 979496081
1646863463 474691649
583206217 1686319369
1303203995 561657771
269313147 1447357430
216144907 2891896469
1959515171 3664321150
318816335 3454555442
1924011354 760096572
1092643029 1776819204
1570800662 892638383
1630060731 2961573864
1575899391 3966909436
381940846 1211126613
631916575 1584340643
1176888363 3324285004
419481870 2065243161
307005537 4099882767
1688384865 1774030102
1484883264 1335385092
1387010370 2027039251
1500277763 1562492632
1846035705 3255919993
1682364762 2316145113
